cam0:
  cam_overlaps: [1]
  camera_model: pinhole
  distortion_coeffs: [0.3399447009395237, 0.07618041148579728, 0.1706656675408842,
    -0.049644071220658705]
  distortion_model: equidistant
  intrinsics: [274.97786132462113, 275.08073962025327, 274.7985295392873, 249.62606513552768]
  resolution: [550, 500]
  rostopic: /stereo_cam/left/camera/image
cam1:
  T_cn_cnm1:
  - [0.9999999954594767, 1.3708520463722018e-05, -9.43033674881408e-05, -0.07293713106258946]
  - [-1.3684584449827649e-05, 0.999999967695275, 0.00025381525407955596, -2.2820306252693397e-05]
  - [9.43068438733009e-05, -0.0002538139624247053, 0.9999999633423462, 0.00010213171402025635]
  - [0.0, 0.0, 0.0, 1.0]
  cam_overlaps: [0]
  camera_model: pinhole
  distortion_coeffs: [0.3391655973480746, 0.08927569971768065, 0.13368330284997704,
    -0.01734159808234396]
  distortion_model: equidistant
  intrinsics: [275.00955843876915, 275.1078099056965, 274.7939065008416, 249.56320911813327]
  resolution: [550, 500]
  rostopic: /stereo_cam/right/camera/image
