cam0:
  T_cam_imu:
  - [0.0028455147937750946, -0.9999952620749554, 0.0011742543168852815, -0.004684196856042694]
  - [-0.04775618677668636, -0.0013088106491345175, -0.9988581649259498, -0.12535610882914533]
  - [0.9988549692873883, 0.0027861877766993115, -0.047759684751517345, -0.44608710512582866]
  - [0.0, 0.0, 0.0, 1.0]
  cam_overlaps: [1]
  camera_model: pinhole
  distortion_coeffs: [0.3399447009395237, 0.07618041148579728, 0.1706656675408842,
    -0.049644071220658705]
  distortion_model: equidistant
  intrinsics: [274.97786132462113, 275.08073962025327, 274.7985295392873, 249.62606513552768]
  resolution: [550, 500]
  rostopic: /stereo_cam/left/camera/image
  timeshift_cam_imu: 0.001517927364123693
cam1:
  T_cam_imu:
  - [0.002750664726955454, -0.9999955382231993, 0.0011650653430617108, -0.07758097882794018]
  - [-0.04750269954580494, -0.0012944189102820913, -0.9988702708638122, -0.12549208469644493]
  - [0.9988673222102227, 0.0026922134719268853, -0.04750604811180059, -0.4459535816804268]
  - [0.0, 0.0, 0.0, 1.0]
  T_cn_cnm1:
  - [0.9999999954594765, 1.3708520463722018e-05, -9.43033674881408e-05, -0.07293713106258946]
  - [-1.3684584449827649e-05, 0.9999999676952748, 0.00025381525407955596, -2.2820306252693397e-05]
  - [9.43068438733009e-05, -0.0002538139624247053, 0.999999963342346, 0.00010213171402025635]
  - [0.0, 0.0, 0.0, 1.0]
  cam_overlaps: [0]
  camera_model: pinhole
  distortion_coeffs: [0.3391655973480746, 0.08927569971768065, 0.13368330284997704,
    -0.01734159808234396]
  distortion_model: equidistant
  intrinsics: [275.00955843876915, 275.1078099056965, 274.7939065008416, 249.56320911813327]
  resolution: [550, 500]
  rostopic: /stereo_cam/right/camera/image
  timeshift_cam_imu: 0.0015195813368778595
